100506658
286887
3640
259266
81846
81848
2304
2303
284217
3630
10653
3636
2308
4967
4968
10654
3651
4982
81839
2317
145258
2316
10667
2
55572
2312
4973
3643
10661
4976
10664
4978
2318
4990
3661
3662
2324
2322
4983
3655
374291
87178
3659
3673
81857
2335
1001
2332
3663
3664
3665
3667
4998
285590
10644
3684
84919
1021
1020
84916
1019
6708
2348
79577
6709
10617
10616
1013
123016
3674
3675
26191
3679
284252
3690
3691
3694
1029
6718
1028
1027
6710
6712
3689
6714
6731
1041
83605
84942
145226
1053
1050
79581
79583
57338
79587
84930
6736
5406
5422
1066
2395
1063
1062
11107
51124
85378
51128
255738
6748
51129
6760
64446
1075
1073
1071
338567
51131
51135
51134
85366
6755
5424
6757
85365
5426
6756
5428
5429
11116
1080
84061
6770
6773
6772
6775
5443
6774
5444
346171
440275
51142
55505
6768
84062
6786
6785
51151
84059
6777
5445
5447
4117
5449
6790
6793
6792
9821
6795
6794
5465
9820
51168
4125
5456
4126
55526
6789
4128
4141
4143
5476
203
51176
204
207
5468
4137
208
89765
54205
9829
54209
4153
9841
9842
4157
51181
210
212
51185
213
215
217
8506
5479
4148
4149
8504
9839
89781
4163
5498
4160
220
51196
224
51199
226
339829
10682
8516
4158
8517
229
4159
352909
136371
10686
8518
4173
7200
326625
9860
4175
7201
63982
4179
118429
23040
238
50674
9856
8526
8542
9871
8540
8546
1909
1908
240
241
242
249
11078
1906
7222
9882
11041
8557
11043
9885
7225
114049
23028
4193
1910
23020
23022
1917
8547
1911
9895
8565
9896
9897
265
268
269
85300
7227
8575
8572
8573
7248
11020
270
271
272
274
275
117144
1938
7253
7252
7259
283
7251
286
287
288
7249
1947
59067
291
64419
1954
1950
85358
51103
1959
11005
1956
51109
7275
286077
7274
7277
7276
64421
64423
7273
199857
1962
51114
51117
1969
51119
1967
91137
7280
63901
7284
84839
114902
7283
1977
7297
7299
63910
57231
7291
7293
7292
1981
26160
26137
63925
63924
92482
1996
1991
50615
50617
340061
91147
3704
63929
117156
3708
3709
26146
3700
3702
3703
91179
27445
26119
3717
3718
23086
83550
83552
3710
3712
26128
23092
23093
3728
23094
23095
23096
26121
50640
84876
26123
23090
9049
256297
28755
27429
3737
23064
3730
3732
3735
3736
9056
11093
9051
63976
653162
84892
3741
3745
3746
9060
79650
3759
79651
55687
201163
3752
79659
3753
10771
374393
3756
3757
3758
65018
9076
54361
55691
55690
79641
1106
1103
55699
79644
3762
3763
79648
3766
3767
1109
3783
1121
1120
1116
10758
3777
3778
3779
3791
3792
9094
1131
9095
1130
57410
1123
3784
3785
3786
6812
6813
92667
1141
1140
83706
10734
1139
10733
79695
1138
1137
1136
1135
1134
389434
3795
6821
3796
3798
65055
65057
93986
1154
2483
83700
10747
1147
10749
1146
1145
2475
1144
6834
6833
10743
5506
5521
2495
2492
1161
5519
57449
2488
10715
2487
10717
6843
65062
5518
100506742
50814
65078
1175
1174
83715
57459
2498
6854
6853
6855
5528
23209
6870
6872
4210
4211
6873
1187
1186
25861
1184
23203
23204
1181
1180
55605
84168
4204
11222
4205
6866
5538
6868
4208
23218
5551
4221
4222
1193
51251
84159
55612
51256
11232
11231
4214
6875
11234
5546
340990
51259
11236
11235
9907
56945
84153
6890
6892
6891
4233
84188
6887
6886
11200
55624
6888
9915
284393
64581
8600
5573
55630
5566
6898
55636
5568
308
6899
84173
9928
11213
11216
9927
5580
89891
25828
5582
5583
128674
4254
4256
145173
339983
25821
55640
56975
9935
8604
5578
4247
730029
9939
56978
5591
25836
5592
4261
25839
8622
55651
51293
55650
414062
115352
323
317719
324
79600
325
55654
326
56983
5589
89884
84197
9949
4277
54332
331
56997
335
79633
336
8626
338
8625
4282
25814
4284
4286
4287
7314
8642
8643
55670
4281
79621
344
345
54345
348
54344
9968
7305
8635
128637
55679
7306
154881
7320
4297
9987
11186
4291
351
4292
353
115286
355
356
358
23165
359
7317
8647
53826
7319
10
404672
12
8660
9992
15
9997
16
6005
18
646785
19
9990
360
95681
362
23171
367
368
23175
8659
197131
21
22
7341
6010
11160
24
8671
25
6011
7345
27
28
8675
6016
8676
23141
84100
6007
7337
31
7352
34
7351
35
153562
36
37
348980
38
7355
39
7350
383
6017
11178
139285
43
8694
49
7369
11141
23126
25788
396
25782
11146
267012
50
51204
51
51206
53
54
11149
7374
58
59
11151
6049
11152
23133
163786
7372
6041
25793
11155
11154
60
51218
85440
7385
7389
7381
282617
85476
70
56916
71
84146
72
84140
11128
7399
23111
7390
25778
7391
23118
11133
81
11132
56922
11136
87
88
89
9103
91252
83636
26276
26275
26278
90
26277
91
93
94
95
50717
131377
261734
84947
3800
26281
6097
9128
9129
9126
26258
6092
6094
3814
3815
84987
3816
283989
3818
84984
388962
168667
9119
3811
3813
9131
9132
3827
57379
134430
9149
56052
26235
3832
3835
9150
26249
9152
3848
3849
2512
284403
84992
3845
2517
2516
3860
23189
3858
3859
2524
2523
81034
2521
83696
3850
3852
3853
3854
3856
3857
9179
26227
26229
81027
1203
1201
2532
2531
1200
3861
2539
3868
2538
65125
9180
9187
144165
2548
6906
57502
6905
6908
79776
2542
54476
3872
376693
6900
3875
10892
57505
6901
25914
25913
25915
3891
3892
2562
22880
80746
9197
6916
57514
2555
2554
57511
6911
6910
3887
6913
3889
6915
22856
22858
2571
79791
22852
6928
6927
79797
10878
80781
79796
6929
2566
1234
79798
54499
2563
57522
3897
6926
6925
22868
2584
2583
2582
2581
22861
57534
56203
79784
79783
6938
57531
124512
80776
1244
92749
6935
57539
5604
6934
644934
5605
90121
219844
123263
2593
1261
2592
2591
124590
57545
5618
6949
1259
1258
2588
5611
643617
6948
22845
5630
5631
1272
124583
166378
5621
6955
5624
5625
5626
5627
132158
4311
1286
1285
57560
1284
1282
1281
1280
1278
1277
4306
4308
50937
22827
5651
4322
1297
1296
57572
1294
1293
1292
1291
1290
1289
10847
1288
1287
56246
4312
4313
5644
4314
5645
50943
5648
50945
10842
4318
5649
10841
5660
4330
11340
5663
5664
23321
23322
3000
23325
10019
51360
126328
51364
126326
1299
1298
4323
5654
10013
284058
4327
84282
4329
89970
4340
10020
23334
51371
401
55737
6997
10021
4337
4338
4351
8710
4352
4353
64699
23301
114327
389141
23305
410
54413
411
415
11322
8701
54414
79719
8706
23317
4361
8722
5696
3035
3034
25974
3033
23312
3032
220885
23314
3030
25978
161582
25977
10008
55750
420
3029
115650
55755
3028
3026
10000
5687
11330
427
10002
4358
429
4359
84295
3045
3043
3040
79731
3039
434
435
55764
79734
55768
8724
79738
284098
285362
25959
90993
80704
3054
3053
25953
3052
440
443
444
55777
445
55775
3048
54443
3047
7403
11311
79728
11315
8738
284086
3060
7422
8754
7421
7424
22891
3067
65109
3064
25923
22897
54453
79751
79753
79755
55788
7415
7414
165918
3070
7431
6100
6102
25939
6101
6103
3078
3077
3075
3074
3073
462
463
54463
7428
7429
8772
3082
3081
8777
7443
28976
471
3084
472
477
478
23286
7436
7439
53947
7450
3092
6121
8787
7454
6125
7456
23299
3098
481
3094
486
487
488
28982
8795
8792
6135
7466
6134
8799
11285
11284
28952
491
492
28956
498
23261
89910
51305
51308
7473
6144
134701
7474
130340
7476
222662
7471
28962
23274
28960
6138
51314
7486
6154
23247
7480
51322
51324
7494
6165
7498
93183
23259
7490
84233
11277
23229
25886
23224
25885
101929876
55703
9213
9210
9211
9217
9215
23236
23230
3908
3909
11253
55714
55717
6197
9227
728791
3913
57468
3914
3918
57465
65080
3910
3912
22800
83737
220074
3920
3921
50846
116085
9244
9247
9241
56159
3938
3939
3930
3931
3932
9255
9258
167691
57492
3949
10801
10804
10806
2617
3945
56172
2625
3957
2624
2623
2622
26353
3952
2629
3953
2628
53904
2627
3955
2626
203547
1305
1303
1302
2632
1301
1300
2639
1308
9289
3981
1316
2646
1314
2645
1312
2643
1311
2642
2641
3972
3973
3977
3978
3990
3991
2660
9294
2658
1326
2653
2651
3982
3988
22999
2672
2671
1340
2670
22995
2668
1337
57623
2664
133396
3998
285440
729230
2683
1351
729238
121391
1349
2678
2677
2673
65250
22976
22978
65266
2694
2693
2692
2691
2690
83932
2688
124404
10999
1356
1355
1374
1373
1371
5728
5729
1369
2697
2696
57654
253827
5723
5727
22954
91574
5740
5741
1385
1384
1380
22953
10978
1378
1376
55005
5732
112476
259197
83943
57679
57674
1387
124454
5744
5745
10982
22934
57680
22930
22931
57688
170302
284119
5770
22947
22948
3110
22941
55036
3107
55033
3106
440193
3105
501
4436
4437
10962
5781
5782
5784
3123
440138
23443
3119
3117
3115
8802
514
128866
79813
8803
10134
79816
10133
5792
8820
5795
23451
55851
525
79803
55858
8813
10142
526
55857
5788
8818
8815
79809
8831
3145
647000
3141
23424
80816
23426
3136
3135
55869
538
8822
10111
8823
54539
23438
4481
8842
4487
3156
23431
3155
23435
10128
540
3149
545
546
547
4477
549
79827
7504
7507
10126
7508
8838
23405
23400
3162
3161
551
54551
554
79853
3159
3158
4488
7518
7517
23417
23418
6201
8864
285489
8863
3178
340719
3176
23414
3172
79840
80832
54567
567
8858
79848
10102
3181
285498
8876
7545
221421
570
54577
54575
579
57609
6204
7535
8869
8867
6208
7552
3190
6223
7555
3199
3198
580
581
582
54585
583
147138
585
54583
586
587
79867
7547
79868
7546
6218
8878
474338
8893
8891
6231
8892
6234
8898
6235
590
8890
593
594
595
596
280655
6229
6247
84317
6253
10075
23389
220136
23384
23385
84342
51422
84343
51428
6262
10082
10084
10083
132884
6261
23394
84334
23395
23396
60386
10087
6272
23363
343035
55800
10059
10058
55806
197322
10060
9313
23373
120892
55812
55811
6296
6295
9321
6297
6299
9325
254394
23345
23347
55823
9333
64783
64788
200576
51473
51475
55835
54507
10049
8013
9342
9343
2702
2700
83879
83872
22909
2707
2706
2705
388707
2703
8022
8028
8029
22926
57592
10939
56262
8021
57591
2710
83861
2719
2717
50964
8036
9364
9365
9368
10907
10908
93210
9361
2720
10913
2729
9378
8048
9370
2733
2731
2730
1409
1406
2737
2736
93233
9380
8050
9381
9382
2746
1415
1414
1413
2743
1412
1411
1410
1419
1417
2760
259232
9394
147912
2752
1421
1420
1428
1427
2771
59341
59344
121340
8076
8074
163183
1436
2767
59345
84300
1439
1438
2780
8086
8085
2779
5805
2778
2776
2775
388753
2774
2773
1442
1441
5800
5803
1462
8091
8092
5818
27086
1453
2784
27089
91647
5813
1471
203228
5828
2799
2798
2796
284685
5824
140803
5825
5826
1482
28396
4507
27063
1476
100131971
1475
5830
55109
5831
5832
5836
5837
91662
161742
1495
1493
1491
55112
27077
148789
170692
170691
5860
221927
55120
114548
1499
1497
4522
157680
55129
4524
64072
5859
64087
5873
3211
55131
55135
57798
3208
3207
602
604
4534
605
3209
5880
4552
55145
27022
55149
127833
203286
613
4544
8905
617
64094
4547
147409
64093
4548
5892
5894
55151
55157
27032
3229
27030
27031
27034
8912
5885
8913
8910
627
5888
5889
629
8915
3242
3240
23568
23569
8929
3239
631
3236
10253
5896
8924
55967
79934
5897
113263
4582
8942
10262
113246
149224
3251
640
641
55975
642
3248
644
10265
649
10269
285175
4591
4593
4594
4595
113235
4597
149233
3265
23545
650
652
3257
657
658
54658
659
54657
4589
10235
23554
3273
23556
55997
53335
79944
667
668
4598
669
10243
79947
285195
23529
6311
6310
23522
3284
152816
672
673
675
79977
92935
10210
6305
57704
6307
6309
3291
3290
8985
6324
6323
3299
23530
23533
3295
23534
3293
682
686
6314
57716
10225
6331
5000
6330
8996
23509
8997
5002
6334
23503
695
57724
699
8989
6326
91624
6327
8988
6329
57728
6340
6342
6341
5015
79983
6337
6336
6338
5009
7681
129563
6352
5023
79092
6356
130557
728953
64837
51520
84441
6348
6347
51524
5019
6349
117581
5034
64840
79083
79087
84433
60482
60481
10194
9401
10195
5048
116228
64857
84466
84464
55906
5053
5054
55908
9414
6387
6389
9409
5063
6399
26511
6391
6390
282996
23483
122961
9419
5075
5076
5077
5078
8106
5079
254065
5071
26525
5073
23495
51574
9429
9427
5087
9445
8115
200205
5080
5081
9440
5083
9439
2805
10157
10159
5096
9455
10161
9459
23474
5091
5092
26504
23479
9451
26503
5095
2812
2811
51594
10165
2819
10166
2815
9469
8139
729402
2821
2820
83990
374654
9479
8148
27019
55054
79001
1503
83987
1509
9487
92002
133686
157657
80025
1513
9499
9496
1524
201595
1528
79053
55084
1536
79058
1535
1537
112755
112752
79042
64802
64805
2876
1545
79048
1540
2879
1548
5903
112744
2892
8192
8195
1558
5915
1557
80067
5917
5910
51501
5913
1559
5914
153241
26580
79068
2898
283417
80055
2896
1565
2895
26585
5921
5925
653509
23607
1583
388552
23600
4607
1577
343637
4609
283489
55209
5932
4601
4602
4604
285203
5950
1594
1593
1591
202018
55212
4618
5949
1588
10309
1586
55215
1585
55214
388531
1584
55213
55217
4613
10300
4615
64175
5961
5959
4629
27185
125972
4620
4621
4624
64170
4625
5956
4626
4627
432369
5972
3300
701
5962
4633
4634
4638
4650
5982
3321
55240
3315
3313
710
712
713
4643
714
4644
715
4645
716
4646
717
5978
4647
718
5979
5993
5994
3329
169522
144245
720
721
4653
726
727
729
2010
3340
80222
3339
2006
730
731
732
80224
81554
5995
735
4668
4669
219736
136647
4683
55270
2023
80208
2022
80207
3350
81545
2018
55275
79228
2013
157570
747
340533
7704
4692
10370
4693
4694
4695
10371
2034
2033
146059
2027
3356
54756
4688
4689
10381
6401
10382
118813
3373
3371
760
762
2038
2036
2035
85007
767
54768
285296
2056
3386
2055
2053
3383
2052
771
773
774
775
2048
776
6403
778
137133
779
7737
790955
2067
2066
2065
2064
3394
783
785
2059
788
2057
57817
10367
171023
10369
2070
113179
2077
54790
2074
2073
790
2072
2071
57822
799
54795
2068
113189
10332
6440
5111
6443
6442
6445
6444
64127
117531
5105
5106
10342
10345
6439
654817
64131
7780
6452
64132
64135
5122
6455
2099
147372
10319
5116
6448
10312
5119
23636
5130
23639
90411
5133
23630
146057
10329
10320
10324
6473
5144
6476
5145
5147
6469
6468
5139
5155
6487
5156
5158
80199
51651
5148
5149
9509
5162
6496
6495
5165
9524
5167
6497
6499
5160
6492
6491
51660
9517
5159
9516
9531
8200
5173
5176
9533
222546
84572
9526
84570
54704
5184
10290
10293
8215
8216
5189
10295
121512
51684
2908
2904
2903
2902
54716
5195
5199
5190
5191
5192
5193
5194
2911
2916
9562
9563
9568
10273
26610
23586
53405
10280
8242
9573
8243
164656
8241
9570
23590
23592
23594
8239
2937
1605
2936
1604
2934
112609
55163
60506
79133
9581
1610
27125
1618
1617
1615
8260
55172
2954
146862
1621
27130
80114
1629
2956
128178
55180
60529
79152
60528
1634
29760
80144
79158
1630
1639
1636
8288
8289
8287
79140
1646
1644
1643
79147
1641
2972
1649
2979
2978
8291
2990
8292
1654
84522
2984
2982
1650
80169
81494
51601
51604
150094
84515
2998
2997
2995
1663
2994
2993
2992
80153
133522
4705
1678
388524
1675
4709
1674
80185
80184
4703
4704
1690
84529
79188
1687
4719
4715
158326
81607
4728
4729
55325
56652
4720
4722
4723
10410
4724
10413
4726
201294
801
493856
805
808
728294
4750
4751
378884
3420
3417
811
30009
4744
30008
4747
3418
4760
3431
391833
81622
124997
3426
81624
3425
56683
3423
81620
825
4758
4771
2110
55366
2108
3439
27286
80326
2103
80324
831
4763
2109
4784
2122
2121
2120
389549
7809
3447
114781
841
843
845
846
847
7804
4790
4791
4792
4795
2132
80339
2131
2130
3460
84701
3459
3458
80347
84700
3455
857
859
80331
860
861
2138
865
866
867
255928
7827
10491
7840
7841
390594
2155
2153
3483
3482
3481
3480
6509
871
203068
3479
2147
875
2146
3476
7837
6505
6507
162417
6521
7852
2166
2165
2162
149461
2161
3492
116519
2160
3490
54880
199713
2159
2158
2157
6513
889
7846
54888
6514
286262
6519
7849
6531
6530
6532
2177
2176
64218
2175
126792
29089
894
23780
6524
10472
6523
6528
137492
10479
6529
64221
64220
5211
5213
2188
2187
2184
2182
150468
2178
10484
6535
10483
5205
56603
56606
129880
6550
286204
91851
5224
30062
30061
23765
23767
2192
2189
7879
5216
6548
56616
10456
64241
64240
5230
6566
29078
56623
29071
6557
10461
6559
10466
29072
23746
5241
6575
5243
5244
5245
6576
10436
5236
91869
6567
5238
6569
5250
5251
6584
6583
5255
5256
5257
169026
9607
5261
6595
5264
9623
6597
5265
407835
392255
9622
6598
24137
6591
51761
9631
5274
200879
5277
154754
8301
24148
24140
5269
30813
51776
54806
54805
51778
54809
54808
8314
8312
8313
57082
9639
9636
414153
9652
8322
5295
5296
5297
9657
8323
200894
5290
57094
57096
5293
54820
84693
54822
9663
9662
7003
119559
256471
8328
54832
83394
7010
9672
7015
50484
54840
26762
50485
50489
7021
7026
7025
9688
9681
7020
727837
1719
10395
7018
1718
10397
1717
347733
1716
7037
7036
7038
7030
1723
54862
1729
1728
1727
7044
7043
7046
7045
7048
8379
27249
55280
27247
7040
7042
27241
1730
27245
81570
1738
1737
1736
7054
7056
92211
7058
7051
7050
285848
375748
1741
81562
246243
1749
1748
1747
7066
8398
7068
7067
29887
27229
1756
29881
387753
84623
1759
1758
1757
7078
57010
29899
7072
57017
29893
80254
653361
1763
1761
27232
1760
51715
7080
166785
7084
1778
1773
152137
4803
7099
7098
93587
7092
727897
7097
7096
1789
1788
1786
1785
84634
60684
57038
80270
60681
375790
51733
4810
80271
51738
84668
1798
84665
1794
51741
51744
84662
644464
493753
4837
145873
3502
57057
3501
3500
29851
51750
30835
4830
3508
4835
3507
64399
114625
51083
51082
3516
10535
56776
3514
51086
90678
4841
4843
915
916
4846
917
115948
919
4860
51091
51095
51099
920
146227
4851
4853
4854
925
114609
29123
2206
10516
10518
2203
2202
930
2201
931
2200
26090
4864
4867
2209
4868
939
4869
4882
4883
3551
152926
3549
2218
3547
2215
2214
10528
2213
2212
3543
948
4878
949
401817
10522
4891
4893
3561
3559
3558
3557
950
2224
953
3553
958
7913
959
7915
2243
29119
3570
79443
29110
3569
960
3566
2235
966
341640
7941
2254
2253
84816
2250
84818
84823
6609
6608
26053
2248
81794
973
3577
26058
974
2245
975
2244
3575
81790
977
6605
6607
6606
6620
3596
2264
2263
3594
3593
2261
2260
169792
3590
57216
57217
57211
3588
3587
3586
2255
987
6611
6616
26060
2273
2271
990
151648
388389
2266
998
6622
999
51004
51008
7957
6628
6640
5310
64321
64324
5311
64327
51010
6635
6638
5307
56704
5308
5309
2290
5320
6652
5321
6654
5322
6653
2296
2294
387082
148022
51021
125336
78987
51025
2289
10594
78989
5313
5314
6647
91949
5317
6649
6648
5318
6660
7991
5330
4000
6663
7994
4001
6662
91942
5332
5333
6664
2299
5324
56729
6655
5325
6658
5327
6657
5328
5340
4010
6674
5345
4014
4004
5336
4005
5339
10577
5350
6683
5351
5352
9711
5354
4023
6687
51053
116442
196527
6678
5346
90624
4016
10585
9702
4018
10586
5360
64374
9722
64377
4036
6697
253461
81704
6690
10558
51062
10559
51067
4026
5358
9719
10555
5371
4040
4041
5373
4043
5376
9731
4047
10568
100
102
103
51079
107
10560
4038
10564
4054
4056
9742
116369
57187
111
112
29940
83479
118
4049
54919
57190
5395
9750
5396
4066
8425
4068
4069
29954
57192
29958
125
126
4059
128338
8419
8431
29929
7100
54928
7102
29920
29926
4070
142680
29925
4072
132
9759
54938
8443
7112
4088
4089
9775
63894
282809
282808
54941
1807
1806
8438
1804
54949
1801
9782
8452
4099
7124
9786
8456
26873
9780
4091
8450
151
4092
152
4093
153
4094
112802
1811
154
155
158
1816
1815
1814
7132
7134
8462
7136
7138
7137
9791
29914
9790
1822
338917
1829
7128
1828
1825
1824
54968
7148
174
175
7140
1832
178
7139
54977
1839
1837
1836
7153
7157
181
182
7150
183
8482
8483
185
8481
189
54982
1848
92344
7167
7169
7168
190
191
8490
7161
8493
8492
1855
57107
84720
57104
81693
1859
1857
51807
92335
7170
84706
7172
84705
7173
79365
26040
1861
26047
7187
51816
57122
246329
728458
57128
26012
4907
26011
4909
4901
646960
728441
1890
112817
4914
4915
387867
57135
26022
84733
1889
4913
50506
27329
4926
1896
1893
1892
284654
4920
50511
4921
50514
115908
58484
26005
4938
729708
57158
4935
58495
57165
29968
3615
3614
4948
57167
83452
4942
3617
29978
27315
27316
57176
131118
3621
54901
4952
4953
54904
54903
54902
